Time [min]	AIF shifted [SUV]
0.0	0.03986716278512143
0.016673528200905723	0.0
0.033347056401811445	0.0
0.05002058460271717	0.0
0.06669411280362289	0.00042855026987508754
0.08336764100452862	0.07961145398061532
0.10004116920543434	0.0
0.11671469740634005	0.0
0.13338822560724578	0.0004905668124468368
0.1500617538081515	0.06957391675348128
0.16673528200905724	0.00023502683008438732
0.18340881020996294	0.030128825012484338
0.20008233841086867	0.03980619675491037
0.2167558666117744	0.009926818063230994
0.2334293948126801	0.0
0.25010292301358583	9.901073639905659e-05
0.26677645121449156	0.01063960467654139
0.2834499794153973	0.06961601965139123
0.300123507616303	0.020324219849692442
0.31679703581720875	0.044587466868060845
0.3334705640181145	0.0
0.35014409221902015	0.0
0.3668176204199259	0.00038394926764796593
0.3834911486208316	0.029687948211368293
0.40016467682173734	0.0
0.41683820502264307	0.0014743350420819
0.4335117332235488	0.10381053208069489
0.45018526142445453	0.0
0.4668587896253602	0.00015285046801752616
0.48353231782626593	0.011054930699241027
0.5002058460271717	0.07454108602037943
0.5168793742280774	0.031018794729142703
0.5335529024289831	0.08472664200768582
0.5502264306298889	0.05054053810248639
0.5668999588307946	0.07294431574933377
0.5835734870317003	0.22362573821572557
0.600247015232606	0.3763854943701967
0.6169205434335118	0.6367919730877724
0.6335940716344175	0.855030929671902
0.6502675998353232	1.188964239778244
0.666941128036229	1.86846725308325
0.6836146562371346	1.8699468360743474
0.7002881844380403	2.1673878365218444
0.716961712638946	2.2689322811016805
0.7336352408398518	2.636158027868572
0.7503087690407575	2.998321053816303
0.7669822972416632	3.1412293450424125
0.783655825442569	3.572343767303902
0.8003293536434747	3.7301329555833243
0.8170028818443804	4.358872569031616
0.8336764100452861	4.566898919247815
0.8503499382461919	5.02848531635346
0.8670234664470976	5.419952137310984
0.8836969946480033	5.757384329553693
0.9003705228489091	6.263942944086394
0.9170440510498148	6.316135157347751
0.9337175792507204	6.770379239462556
0.9503911074516261	6.727304661751318
0.9670646356525319	7.777213099455685
0.9837381638534376	7.311669257442256
1.0004116920543433	7.2690891303178935
1.0170852202552492	7.465976721865331
1.0337587484561548	7.64031778597263
1.0504322766570606	7.416573964245081
1.0671058048579662	8.051360617334627
1.0837793330588719	7.540061299476174
1.1004528612597777	7.562783054523389
1.1171263894606833	7.489726622646557
1.1337999176615892	7.616690678906553
1.1504734458624948	7.44981386505841
1.1671469740634006	7.530642438331585
1.1838205022643062	7.159173011885137
1.200494030465212	7.250178813836932
1.2171675586661177	7.160945387308032
1.2338410868670235	6.5382309755868375
1.2505146150679292	6.531595811716914
1.267188143268835	6.316369220077564
1.2838616714697406	5.999662691305627
1.3005351996706465	5.9734551238037925
1.317208727871552	6.017932138422049
1.333882256072458	5.4984448348132045
1.3505557842733635	5.3657495821860115
1.3672293124742692	5.194873748248321
1.383902840675175	5.382741783130415
1.4005763688760806	4.728942883394552
1.4172498970769865	5.108911639774323
1.433923425277892	4.769607572469779
1.450596953478798	4.757278034220443
1.4672704816797035	4.560797294680736
1.4839440098806094	4.482658900874258
1.500617538081515	4.343014491466514
1.5172910662824208	4.347130153624191
1.5339645944833264	4.2161821266641635
1.5506381226842323	4.406973356100004
1.567311650885138	3.9966336561204527
1.5839851790860437	3.9141410749786307
1.6006587072869494	4.2098821035663425
1.617332235487855	3.8929758025192363
1.6340057636887608	3.8297280685930315
1.6506792918896664	3.9175504426361982
1.6673528200905723	3.926488679076299
1.684026348291478	3.8990960504453542
1.7006998764923837	3.8199648457141895
1.7173734046932894	3.7781758531097873
1.7340469328941952	3.9006980474040547
1.7507204610951008	3.835734162276361
1.7673939892960067	3.8713807979769856
1.7840675174969123	3.7011753314560787
1.8007410456978181	3.57057471310311
1.8174145738987237	3.661033583206107
1.8340881020996296	3.913355482742936
1.8507616303005352	3.8341988836769154
1.8674351585014408	3.4958434445431967
1.8841086867023467	3.295564871068069
1.9007822149032523	3.6743376271436827
1.9174557431041581	3.470632110827028
1.9341292713050637	3.5206096512623293
1.9508027995059696	3.5553167997281054
1.9674763277068752	3.650965645587551
1.984149855907781	3.533730475258776
2.0008233841086867	3.2581606403985433
2.0174969123095923	3.7017612418948747
2.0341704405104983	3.228227657991811
2.050843968711404	3.2556168537711736
2.0675174969123096	3.487501962162478
2.084191025113215	3.664394989851569
2.1008645533141213	3.402509073344628
2.117538081515027	3.336656092238844
2.1342116097159325	3.2823016875112074
2.150885137916838	3.478289151678053
2.1675586661177437	3.320546704143741
2.18423219431865	3.4578145972678818
2.2009057225195554	3.2044310528221884
2.217579250720461	3.3585200576318637
2.2342527789213666	3.437378689871007
2.2509263071222727	3.2522013398151257
2.2675998353231783	3.403624438397532
2.284273363524084	3.236584168985719
2.3009468917249896	3.3800258593003236
2.3176204199258956	3.3587312019745688
2.3342939481268012	3.0381726846098913
2.350967476327707	3.2275977742616497
2.3676410045286125	3.12824464463234
2.3843145327295185	3.065400277636185
2.400988060930424	3.102412904166623
2.41766158913133	2.8753494068097734
2.4343351173322354	2.979112604699633
2.451008645533141	3.251432472119684
2.467682173734047	3.382888860841061
2.4843557019349527	3.0804040457735082
2.5010292301358583	3.1130386948351503
2.517702758336764	3.299323396792333
2.53437628653767	3.2315790752252265
2.5510498147385756	3.0766515679299298
2.5677233429394812	3.082647842209142
2.584396871140387	2.9172208653066076
2.601070399341293	3.1747556238513965
2.6177439275421985	3.0582064770346196
2.634417455743104	3.0029457506069983
2.6510909839440098	2.8318773554957524
2.667764512144916	2.909745656399907
2.6844380403458215	3.2369705079533264
2.701111568546727	3.05348662662887
2.7177850967476327	3.0438092508163455
2.7344586249485383	2.798933465356163
2.7511321531494444	2.9425235993561496
2.76780568135035	3.074693825065119
2.7844792095512556	2.9570651641443293
2.8011527377521612	3.073476021798023
2.8178262659530673	2.9836038407783287
2.834499794153973	2.9110960391899496
2.8511733223548785	2.8363019307238995
2.867846850555784	2.947825028733857
2.88452037875669	2.805181482151535
2.901193906957596	2.8065862266413926
2.9178674351585014	3.033327975882732
2.934540963359407	2.8180740232049692
2.9512144915603127	2.944311162489779
2.9678880197612187	2.9246163892293695
2.9845615479621244	2.8575112665202362
3.00123507616303	2.8847257708864955
3.0179086043639356	2.7748418307129867
3.0345821325648417	2.936840063832831
3.0512556607657473	2.5355364562924803
3.067929188966653	2.725527118552557
3.0846027171675585	2.711689005255234
3.1012762453684646	2.9172223383326954
3.11794977356937	2.8050116896434973
3.134623301770276	2.901593948883874
3.1512968299711814	2.778522855159199
3.1679703581720875	2.8511431411991337
3.184643886372993	2.687143254676836
3.2013174145738987	2.9243342884506385
3.2179909427748044	2.713473074476977
3.23466447097571	2.8924064891812815
3.251337999176616	2.6524475777606287
3.2680115273775217	2.7558817382808662
3.2846850555784273	2.9242195629759804
3.301358583779333	2.5487872289385805
3.318032111980239	2.87642677582584
3.3347056401811446	2.815075123160875
3.35137916838205	2.6689854412577647
3.368052696582956	2.8021796453256878
3.384726224783862	2.8262507594097075
3.4013997529847675	2.8379354229744047
3.418073281185673	2.876202289660989
3.4347468093865787	2.5645653841750753
3.451420337587485	2.770994025111454
3.4680938657883904	2.8583198019727973
3.484767393989296	2.6587900572984764
3.5014409221902016	2.7098108054076375
3.5181144503911073	2.7068326906127766
3.5347879785920133	2.708040642273235
3.551461506792919	2.5944938563991946
3.5681350349938246	2.7203482278280204
3.58480856319473	2.3625153751776073
3.6014820913956362	2.4732990481825707
3.618155619596542	2.6889424122731698
3.6348291477974475	2.6637664448370204
3.651502675998353	2.671871550280193
3.668176204199259	2.539647013753805
3.684849732400165	2.6885696825844754
3.7015232606010704	2.6437260152199418
3.718196788801976	2.583687484314382
3.7348703170028816	2.3700440319105134
3.7515438452037877	2.8233543361777373
3.7682173734046933	2.636684177749522
3.784890901605599	2.578799174991684
3.8015644298065046	2.5735756096492066
3.8182379580074106	2.368465942443652
3.8349114862083162	2.513688320815647
3.851585014409222	2.4562901635432635
3.8682585426101275	2.5699081178286196
3.8849320708110335	2.625118685042194
3.901605599011939	2.5192287340047925
3.9182791272128448	2.379651753985567
3.9349526554137504	2.6063509619355583
3.9516261836146565	2.526680657246999
3.968299711815562	2.5105106628420133
3.9849732400164677	2.5092103005363398
4.001646768217373	2.6715018326652933
4.018320296418279	2.430090610719113
4.0349938246191845	2.3784634986042263
4.051667352820091	2.4344211963939335
4.068340881020997	2.350694687604715
4.085014409221902	2.6020565843683467
4.101687937422808	2.462031257077923
4.118361465623713	2.4101350040275777
4.135034993824619	2.4768645321398726
4.151708522025525	2.4867637765291306
4.16838205022643	2.4261841152746513
4.185055578427336	2.5193219618215617
4.2017291066282425	2.4185127209852997
4.218402634829148	2.464866782578287
4.235076163030054	2.530246556863022
4.251749691230959	2.4067054172947944
4.268423219431865	2.263668093964414
4.285096747632771	2.3426371211457733
4.301770275833676	2.4641386771494083
4.318443804034582	2.4753250197047256
4.3351173322354875	2.3916480717605686
4.3517908604363935	2.1993121793081443
4.3684643886373	2.252188736394792
4.385137916838205	2.40307222127904
4.401811445039111	2.3064367713819007
4.418484973240017	2.4053749088608356
4.435158501440922	2.386112891887545
4.451832029641828	2.3196981451306415
4.468505557842733	2.165157793678526
4.485179086043639	2.2536384804302014
4.501852614244545	2.345167116888579
4.518526142445451	2.165529872183523
4.535199670646357	2.4017853779806293
4.551873198847262	2.452021580231806
4.568546727048168	2.3368197734406984
4.585220255249074	2.2587981463040205
4.601893783449979	2.2917575631569296
4.618567311650885	2.3256320996249933
4.635240839851791	2.266480467646974
4.651914368052696	2.248704370405396
4.6685878962536025	2.379644511519632
4.685261424454508	2.3378133630265268
4.701934952655414	2.3320714289490434
4.71860848085632	2.330833560369448
4.735282009057225	2.183470168328469
4.751955537258131	2.3892384292222584
4.768629065459037	2.3276069617864867
4.785302593659942	2.270360532651366
4.801976121860848	2.2687677655542795
4.8186496500617535	2.396216913203817
4.83532317826266	2.2254240663317875
4.851996706463566	2.1135470614535667
4.868670234664471	2.009279425221533
4.885343762865377	2.318348313828751
4.902017291066282	2.071979735270825
4.918690819267188	2.3167493453710684
4.935364347468094	2.56962223532907
4.952037875668999	2.2963758576944997
4.968711403869905	2.1437832904851035
4.9853849320708115	2.1285897730664045
5.002058460271717	2.396769090025035
5.018731988472623	2.1975425021150397
5.035405516673528	2.2136842430063366
5.052079044874434	2.231246120310202
5.06875257307534	2.590692723073193
5.085426101276245	2.148331664712887
5.102099629477151	2.1054008798905954
5.118773157678056	2.281481645064933
5.1354466858789625	2.2140922998712336
5.1521202140798685	2.4875033122466537
5.168793742280774	2.1110812884461785
5.18546727048168	2.0375782299779353
5.202140798682586	2.116136351598276
5.218814326883491	2.162029318229798
5.235487855084397	2.339342168363496
5.252161383285302	2.1233738658308243
5.268834911486208	2.1439278429728965
5.285508439687114	2.1154432270412826
5.3021819678880195	2.051968936904749
5.318855496088926	2.2801909741533226
5.335529024289832	2.281350446615577
5.352202552490737	2.1259320680797824
5.368876080691643	2.197216358345429
5.385549608892548	2.2638163346015947
5.402223137093454	2.30545138655079
5.41889666529436	2.0579102740618938
5.435570193495265	2.0497308438979247
5.452243721696171	2.0926469340633638
5.468917249897077	2.164967215245973
5.485590778097983	2.16244860524861
5.502264306298889	2.108699235060431
5.518937834499794	2.056063735473317
5.5356113627007	2.084554067733119
5.552284890901606	2.1012456404120448
5.568958419102511	2.290926297516899
5.585631947303417	2.1548801933816364
5.6023054755043225	2.0351676185010694
5.6189790037052285	1.9300458306109902
5.635652531906135	2.0872997890985907
5.65232606010704	2.0327706467856044
5.668999588307946	2.1284600724498954
5.685673116508851	2.115364988692958
5.702346644709757	2.1208331588949534
5.719020172910663	2.1693971670510814
5.735693701111568	2.2241351412530737
5.752367229312474	1.969280084193515
5.76904075751338	2.09157744067752
5.785714285714286	2.005521938685491
5.802387813915192	2.1671342050712403
5.819061342116097	2.143587294549193
5.835734870317003	2.2374984036982113
5.852408398517909	2.211384904635513
5.869081926718814	2.0077608060424827
5.88575545491972	1.8958392274640452
5.902428983120625	2.146788253939955
5.919102511321531	2.191177478595464
5.9357760395224375	2.1875061407035052
5.952449567723343	2.1734976653883074
5.969123095924249	2.2107759593431036
5.985796624125155	2.1799796339491295
6.00247015232606	2.2105431620576623
6.019143680526966	2.1149719097198547
6.035817208727871	2.116658930282937
6.052490736928777	1.9627287922811427
6.069164265129683	2.0352943254611064
6.0858377933305885	2.1570906807159336
6.102511321531495	2.0704480906678935
6.119184849732401	1.9289318369641353
6.135858377933306	2.0320939956635518
6.152531906134212	1.961096225160115
6.169205434335117	1.9013047097193472
6.185878962536023	1.892921788498336
6.202552490736929	2.0712821439471885
6.219226018937834	2.155815969253766
6.23589954713874	2.248451913282996
6.252573075339646	2.10873739010761
6.269246603540552	2.1909539601004826
6.285920131741458	1.986910279641205
6.302593659942363	1.913390784677656
6.319267188143269	1.885372473779156
6.335940716344175	2.069076831704562
6.35261424454508	1.9867908854161092
6.369287772745986	1.9298176389951898
6.385961300946891	1.9871621467478722
6.4026348291477975	2.058939040853536
6.4193083573487035	2.0661977259161035
6.435981885549609	2.050909008741459
6.452655413750515	1.983095967704849
6.46932894195142	1.8404833184478961
6.486002470152326	1.9707788038628593
6.502675998353232	1.9393202698484224
6.519349526554137	2.035161075825374
6.536023054755043	2.0955238310317315
6.552696582955949	2.0497839209182436
6.5693701111568545	1.9698290514335588
6.586043639357761	2.0483820426834174
6.602717167558666	1.942521472809491
6.619390695759572	1.9505322029331644
6.636064223960478	1.9806125331141928
6.652737752161383	2.228059748147891
6.669411280362289	2.1027279185709222
6.686084808563194	2.1855560107696506
6.7027583367641	1.951574473295279
6.719431864965006	1.976566948532798
6.736105393165912	2.0688359763294057
6.752778921366818	1.953673824938048
6.769452449567724	2.093476248942544
6.786125977768629	2.084794638035805
6.802799505969535	1.920739789344571
6.81947303417044	1.9542522014532184
6.836146562371346	2.0034584033531444
6.852820090572252	1.935674776810136
6.8694936187731575	1.8077176049664079
6.8861671469740635	1.9490748313559672
6.90284067517497	1.88359507645133
6.919514203375875	1.8330641744547111
6.936187731576781	2.0014846152780796
6.952861259777686	1.9741948140820151
6.969534787978592	1.864396281517754
6.986208316179498	1.9366459768682376
7.002881844380403	1.8562557632150056
7.019555372581309	1.9119030867585298
7.0362289007822145	2.0767209456672298
7.052902428983121	2.1812229147326105
7.069575957184027	2.025313501117994
7.086249485384932	1.7708186255030605
7.102923013585838	1.8639091995799335
7.119596541786744	1.7301439751932095
7.136270069987649	1.960271989554744
7.152943598188555	1.9245283176962873
7.16961712638946	1.8372210369321793
7.186290654590366	1.979045561956186
7.2029641827912725	1.846415172151129
7.219637710992178	1.7723447153176133
7.236311239193084	1.7911098040376003
7.252984767393989	1.8629324073250542
7.269658295594895	2.0407191531854734
7.286331823795801	1.9139929005586012
7.303005351996706	1.8801581527216296
7.319678880197612	1.8085437274602776
7.336352408398518	1.8895721616267689
7.3530259365994235	1.8342508244740179
7.36969946480033	1.9108528194919783
7.386372993001235	1.8634970051116373
7.403046521202141	1.9388802269229914
7.419720049403047	1.7303774745305234
7.436393577603952	1.8361177024050745
7.453067105804858	1.885470767418257
7.469740634005763	1.8771512387180715
7.486414162206669	1.8694379065799693
7.503087690407575	1.8207231648130937
7.519761218608481	1.7819416792212193
7.536434746809387	1.8983895727228919
7.553108275010293	1.9440875408756724
7.569781803211198	1.9120299602859683
7.586455331412104	1.7652235659442346
7.603128859613009	1.929093987709884
7.619802387813915	1.7833593222285893
7.636475916014821	1.5940667994921558
7.653149444215726	1.6768617138758322
7.6698229724166325	1.8018946053024758
7.6864965006175385	1.930700615722303
7.703170028818444	1.9637175062883503
7.71984355701935	1.8885588273014413
7.736517085220255	1.9937623223650986
7.753190613421161	1.8291370503711801
7.769864141622067	1.8011155630670161
7.786537669822972	1.7743783642851418
7.803211198023878	1.8145885071602288
7.8198847262247835	1.6904177203600064
7.8365582544256895	1.856261491433188
7.853231782626596	1.872102858319441
7.869905310827501	1.873931264420256
7.886578839028407	1.7053557754166848
7.903252367229313	1.7425152316890655
7.919925895430218	1.6921254898433737
7.936599423631124	1.7438019641186904
7.953272951832029	1.8281641325967157
7.969946480032935	1.631715297299366
7.986620008233841	1.6811004444032591
8.003293536434747	1.606230255413859
8.019967064635653	1.9385143732782286
8.036640592836559	1.956147773392222
8.053314121037465	1.831518894919143
8.069987649238369	1.8548341589865351
8.086661177439275	1.8205946585414874
8.103334705640181	1.7099030269800544
8.120008233841087	1.8935504280688584
8.136681762041993	1.7763027589790907
8.153355290242898	1.877180260504415
8.170028818443804	1.7632523933684368
8.18670234664471	1.7559999434727003
8.203375874845616	1.7338552713282869
8.220049403046522	1.7225367638603852
8.236722931247426	1.8710470089333116
8.253396459448332	1.9861943903241808
8.270069987649238	1.740820988342161
8.286743515850144	1.7880346631420223
8.30341704405105	1.7098086658044211
8.320090572251955	1.7537077971733732
8.33676410045286	1.907977416325627
8.353437628653767	1.7016801059220463
8.370111156854673	1.7748785538284777
8.386784685055579	1.7813766910748838
8.403458213256485	1.5791269333957378
8.42013174145739	1.7327365719277001
8.436805269658295	1.779930584876722
8.453478797859201	1.8410311855192574
8.470152326060107	1.8103380129144517
8.486825854261014	1.7461317018097653
8.503499382461918	1.6838806197075824
8.520172910662824	1.81085106187421
8.53684643886373	1.7476590330557435
8.553519967064636	1.6535978643806781
8.570193495265542	1.7011214131057362
8.586867023466446	1.8450814311266994
8.603540551667352	1.805848720457696
8.620214079868258	1.7964014237067698
8.636887608069165	1.6326526631907095
8.65356113627007	1.6822178078677188
8.670234664470975	1.7972715498323495
8.686908192671881	1.8122716148570868
8.703581720872787	1.7313063762780514
8.720255249073693	1.7231624943528079
8.7369287772746	1.5587100768988769
8.753602305475505	1.7515767902855843
8.77027583367641	1.8595762198028212
8.786949361877316	1.674955206617898
8.803622890078222	1.6327539638573698
8.820296418279128	1.6346637794385832
8.836969946480034	1.6730282961884593
8.853643474680938	1.706714269185277
8.870317002881844	1.6329057120194492
8.88699053108275	1.7241546173663622
8.903664059283656	1.7289484109427664
8.920337587484562	1.6726362012886982
8.937011115685467	1.6562360873670798
8.953684643886373	1.790808651855192
8.970358172087279	1.7619714131117596
8.987031700288185	1.62774946637689
9.00370522848909	1.8180675359189769
9.020378756689995	1.7790107487802636
9.037052284890901	1.5083835349090453
9.053725813091807	1.7474828068512616
9.070399341292713	1.7084187222785556
9.08707286949362	1.6931665717951019
9.103746397694524	1.6797037110093151
9.12041992589543	1.7166693286033785
9.137093454096336	1.6925458850327189
9.153766982297242	1.6061711196197197
9.170440510498148	1.6095278538630322
9.187114038699054	1.7006523701431868
9.203787566899958	1.7583256358538135
9.220461095100864	1.6291606359557331
9.23713462330177	1.492710080414587
9.253808151502676	1.4994890500073748
9.270481679703583	1.661914730471378
9.287155207904487	1.4969003647005918
9.303828736105393	1.619462044123048
9.320502264306299	1.5987482172060659
9.337175792507205	1.5928357821138515
9.353849320708111	1.6972708190651435
9.370522848909015	1.7316130647799752
9.387196377109921	1.517577947695697
9.403869905310827	1.5990844076050028
9.420543433511734	1.7637498279108834
9.43721696171264	1.610155857848441
9.453890489913544	1.6057227660346507
9.47056401811445	1.6289349696512534
9.487237546315356	1.6414869644929782
9.503911074516262	1.7271935375314327
9.520584602717168	1.8046523577941416
9.537258130918074	1.706984693143134
9.553931659118978	1.6826898232553928
9.570605187319885	1.6490726324842773
9.58727871552079	1.5064174696208898
9.603952243721697	1.5236098284102286
9.620625771922603	1.5866390111022277
9.637299300123507	1.712402530758026
9.653972828324413	1.7225189189558148
9.67064635652532	1.6322711092911526
9.687319884726225	1.7201537110184604
9.703993412927131	1.5833032618326515
9.720666941128036	1.5864686051371677
9.737340469328942	1.518219229981838
9.754013997529848	1.4548804500910888
9.770687525730754	1.6452315299988232
9.78736105393166	1.6898967999206047
9.804034582132564	1.7282292703784252
9.82070811033347	1.4962623728716664
9.837381638534376	1.5980315405595191
9.854055166735282	1.5285724308947548
9.870728694936188	1.3859333556733775
9.887402223137093	1.6490074969342057
9.904075751337999	1.6773714066727632
9.920749279538905	1.6401048604648858
9.93742280773981	1.651062439131543
9.954096335940717	1.595216796379106
9.970769864141623	1.6127151014595582
9.987443392342527	1.6115752801165546
10.004116920543433	1.6569768689779882
10.02079044874434	1.680080890659198
10.037463976945245	1.771483438622769
10.054137505146151	1.5441811843037307
10.070811033347056	1.542091457020113
10.087484561547962	1.6850121461694536
10.104158089748868	1.7235675961808425
10.120831617949774	1.5177447770554058
10.13750514615068	1.6728750064861673
10.154178674351584	1.653530276293427
10.17085220255249	1.65792436857029
10.187525730753396	1.5227379360461855
10.204199258954302	1.5468001896143704
10.220872787155209	1.6504291714100199
10.237546315356113	1.570666277728013
10.254219843557019	1.63005483405654
10.270893371757925	1.6078048092286499
10.287566899958831	1.5899269719493538
10.304240428159737	1.5501247183222235
10.320913956360643	1.5844869849928007
10.337587484561547	1.547719305247556
10.354261012762453	1.6572851202648693
10.37093454096336	1.4855869713336332
10.387608069164266	1.4761366957246187
10.404281597365172	1.4705863050803414
10.420955125566076	1.395255538544333
10.437628653766982	1.627607628898749
10.454302181967888	1.6020569477737516
10.470975710168794	1.6172232336596735
10.4876492383697	1.5285637720280203
10.504322766570604	1.3635036959646747
10.52099629477151	1.4062379341299074
10.537669822972417	1.619754109214525
10.554343351173323	1.586133733864528
10.571016879374229	1.6593266467673435
10.587690407575133	1.5454752623822399
10.604363935776039	1.558420508388596
10.621037463976945	1.5526832699804063
10.637710992177851	1.4190264064329192
10.654384520378757	1.3685109091169456
10.671058048579663	1.4433305071813651
10.687731576780568	1.5945344077564916
10.704405104981474	1.5344767348257904
10.72107863318238	1.595374714824045
10.737752161383286	1.712751158004639
10.754425689584192	1.5466902145345638
10.771099217785096	1.5658558257644923
10.787772745986002	1.5890085692240272
10.804446274186908	1.4092400291142535
10.821119802387814	1.4841700944912217
10.83779333058872	1.5273624662536134
10.854466858789625	1.3735802401060682
10.87114038699053	1.513624258836449
10.887813915191437	1.5265109076191419
10.904487443392343	1.4575056657539114
10.921160971593249	1.5008866689009257
10.937834499794153	1.4086538341347141
10.95450802799506	1.4750552519157163
10.971181556195965	1.4989754571401825
10.987855084396871	1.4870611984828004
11.004528612597777	1.4948383872477313
11.021202140798682	1.4905392607552062
11.037875668999588	1.5783783034425956
11.054549197200494	1.5820904210143152
11.0712227254014	1.5068974520496234
11.087896253602306	1.5295748340569537
11.104569781803212	1.3970532880249669
11.121243310004116	1.5680023721368568
11.137916838205022	1.5363264298189365
11.154590366405928	1.4188545478602976
11.171263894606835	1.5530830385639351
11.18793742280774	1.5906368082038171
11.204610951008645	1.5435273071020656
11.221284479209551	1.4502107760615792
11.237958007410457	1.3269841932114224
11.254631535611363	1.2961717360292295
11.27130506381227	1.5173159288218219
11.287978592013173	1.6368288913676048
11.30465212021408	1.6452068333824186
11.321325648414986	1.337381294524941
11.337999176615892	1.4956505865744567
11.354672704816798	1.6167268016173173
11.371346233017702	1.5984493035758118
11.388019761218608	1.522016314417478
11.404693289419514	1.3752775210794537
11.42136681762042	1.445344764926375
11.438040345821326	1.4539406011697378
11.454713874022232	1.4448760185048493
11.471387402223137	1.4720556997963685
11.488060930424043	1.4731724471048928
11.504734458624949	1.3365950461652782
11.521407986825855	1.4740161616749068
11.53808151502676	1.4901076733327652
11.554755043227665	1.4479208454648491
11.571428571428571	1.4534254238014952
11.588102099629477	1.5575279989059787
11.604775627830383	1.5141163360766183
11.62144915603129	1.415457037712319
11.638122684232194	1.3920107872427132
11.6547962124331	1.4296088057801501
11.671469740634006	1.4330836182402023
11.688143268834912	1.3158343067822247
11.704816797035818	1.4820739863746746
11.721490325236722	1.5352098250959538
11.738163853437628	1.3727069377823427
11.754837381638534	1.354694112344888
11.77151090983944	1.4587803332916705
11.788184438040346	1.403305011597928
11.80485796624125	1.5521064016300419
11.821531494442157	1.5308099779983275
11.838205022643063	1.4041363218194436
11.854878550843969	1.6014171843833884
11.871552079044875	1.4889035833139865
11.888225607245781	1.2553923354060008
11.904899135446685	1.4283116660095616
11.921572663647591	1.3672021784694164
11.938246191848497	1.4893183136953863
11.954919720049404	1.3798725090995483
11.97159324825031	1.3851984212338813
11.988266776451214	1.5408391184729144
12.00494030465212	1.503747977432334
12.021613832853026	1.3518461102498807
12.038287361053932	1.4317396583179491
12.054960889254838	1.404440365393043
12.071634417455742	1.4652868475632281
12.088307945656648	1.5709819818597868
12.104981473857555	1.5384700839120722
12.12165500205846	1.4420473646521437
12.138328530259367	1.4063784854258534
12.155002058460271	1.4595973010762628
12.171675586661177	1.482811467914843
12.188349114862083	1.4120254758176836
12.20502264306299	1.419495218898807
12.221696171263895	1.3907126352698536
12.238369699464801	1.3242897694800257
12.255043227665706	1.4920105790839828
12.271716755866612	1.4742886631173728
12.288390284067518	1.4594543404463172
12.305063812268424	1.4596079615273736
12.32173734046933	1.4381161184805396
12.338410868670234	1.4012951048315263
12.35508439687114	1.476048312967194
12.371757925072046	1.4775884124647682
12.388431453272952	1.3072759279804784
12.405104981473858	1.4202808551233004
12.421778509674763	1.389626049768482
12.438452037875669	1.4429876914858986
12.455125566076575	1.293498924711179
12.47179909427748	1.3488354662680968
12.488472622478387	1.3571226451716591
12.505146150679291	1.3948072030316025
12.521819678880197	1.4781428907417509
12.538493207081103	1.4466358275775344
12.55516673528201	1.5204117745618395
12.571840263482915	1.4962596105325627
12.58851379168382	1.4541364700085477
12.605187319884726	1.3472280578025149
12.621860848085632	1.3291105105088143
12.638534376286538	1.356047690921505
12.655207904487444	1.4526012868590696
12.67188143268835	1.468325325933756
12.688554960889254	1.3895271118753922
12.70522848909016	1.3126726861819933
12.721902017291066	1.1904692063433957
12.738575545491972	1.2583727237561184
12.755249073692879	1.4690617895919627
12.771922601893783	1.5373061693060899
12.788596130094689	1.3278326768183641
12.805269658295595	1.3490419968761191
12.821943186496501	1.3181521686954998
12.838616714697407	1.2933130981360672
12.855290242898311	1.2099643951500052
12.871963771099217	1.1848894510201067
12.888637299300123	1.3378153107349755
12.90531082750103	1.3378432208397422
12.921984355701936	1.4030970293340004
12.93865788390284	1.261396574348813
12.955331412103746	1.3711010421492347
12.972004940304652	1.409416189845168
12.988678468505558	1.4014929180497513
13.005351996706464	1.366019575566815
13.02202552490737	1.3747000413461963
13.038699053108274	1.2982704622170436
13.05537258130918	1.2959137023281515
13.072046109510087	1.366470330987021
13.088719637710993	1.3755368658667326
13.105393165911899	1.2873085432066642
13.122066694112803	1.3882948910884658
13.138740222313709	1.4714687110409947
13.155413750514615	1.429029067642704
13.172087278715521	1.419552732516376
13.188760806916427	1.2991219200423583
13.205434335117332	1.2996189899175155
13.222107863318238	1.2955248264903492
13.238781391519144	1.3416331237361532
13.25545491972005	1.2906083360326819
13.272128447920956	1.3253274975816305
13.28880197612186	1.3254405077345244
13.305475504322766	1.3798462422740903
13.322149032523672	1.4654003362116164
13.338822560724578	1.4401490556634446
13.355496088925484	1.4366724758287581
13.372169617126389	1.4676748284548469
13.388843145327295	1.4113491114887589
13.4055166735282	1.2465251676321851
13.422190201729107	1.2888671739485524
13.438863729930013	1.4100183315252572
13.455537258130919	1.3375999622574248
13.472210786331823	1.3620298675680405
13.48888431453273	1.3787278323567522
13.505557842733635	1.2592228281126998
13.522231370934541	1.3740183452400239
13.538904899135447	1.2840162610275931
13.555578427336352	1.269236643905983
13.572251955537258	1.2538063172636305
13.588925483738164	1.2857998437581386
13.60559901193907	1.3241790524846413
13.622272540139976	1.4511826014959894
13.63894606834088	1.3697563766638994
13.655619596541786	1.3470750998075824
13.672293124742692	1.31814476105651
13.688966652943598	1.2146541992000839
13.705640181144505	1.2677618093028105
13.722313709345409	1.3948872232007392
13.738987237546315	1.5193171676276773
13.755660765747221	1.379696511821778
13.772334293948127	1.2278295507669987
13.789007822149033	1.2537271984440275
13.80568135034994	1.2862523416948795
13.822354878550843	1.3274381536802546
13.83902840675175	1.3108527058045212
13.855701934952656	1.1913202315803528
13.872375463153562	1.2878703471515562
13.889048991354468	1.2540440877423364
13.905722519555372	1.1136957400886702
13.922396047756278	1.2116997338805084
13.939069575957184	1.3168306145296833
13.95574310415809	1.3574818358953766
13.972416632358996	1.2839547767865844
13.9890901605599	1.3182426576335107
14.005763688760807	1.2657597584604177
14.022437216961713	1.3219559364095694
14.039110745162619	1.2203505347830632
14.055784273363525	1.1480383661531028
14.072457801564429	1.330436211985128
14.089131329765335	1.3646973075865367
14.105804857966241	1.2441964784541544
14.122478386167147	1.184340472902736
14.139151914368053	1.330847439731442
14.155825442568958	1.4493548694876797
14.172498970769864	1.342766700106226
14.18917249897077	1.2863033670962054
14.205846027171676	1.215591849280659
14.222519555372582	1.3667131032111908
14.239193083573488	1.3981188641435518
14.255866611774392	1.37429262925749
14.272540139975298	1.3096681029743074
14.289213668176204	1.330631061553245
14.30588719637711	1.278341956151495
14.322560724578016	1.3125320627399977
14.33923425277892	1.304606027168597
14.355907780979827	1.139988302193656
14.372581309180733	1.2791541594432165
14.389254837381639	1.3471894409431073
14.405928365582545	1.2116016474649076
14.42260189378345	1.2337652658982106
14.439275421984355	1.3364668477481456
14.455948950185261	1.2542587935440705
14.472622478386167	1.2448229774039983
14.489296006587074	1.2021931637539462
14.505969534787978	1.1887740239975042
14.522643062988884	1.2140988568087399
14.53931659118979	1.3434914520052863
14.555990119390696	1.2316951566308194
14.572663647591602	1.2892178360464335
14.589337175792508	1.2933667984322574
14.606010703993412	1.3173447413357366
14.622684232194318	1.213668698307798
14.639357760395225	1.270405698149074
14.65603128859613	1.4341116755713854
14.672704816797037	1.3171101478718363
14.689378344997941	1.2610060340185438
14.706051873198847	1.2768972247217991
14.722725401399753	1.4371719515986878
14.73939892960066	1.1964260645576028
14.756072457801565	1.23442956413093
14.77274598600247	1.2053722990433315
14.789419514203376	1.156124601870197
14.806093042404282	1.2285186622184325
14.822766570605188	1.2653196101608395
14.839440098806094	1.1855535206430714
14.856113627006998	1.1394832423914274
14.872787155207904	1.2919571107834096
14.88946068340881	1.3707204672402034
14.906134211609716	1.3636526567866976
14.922807739810622	1.1938205626594254
14.939481268011527	1.3414883293179036
14.956154796212433	1.2301481999244255
14.972828324413339	1.2046029471040034
14.989501852614245	1.318679606598768
15.00617538081515	1.4235789613090053
15.022848909016057	1.3055162805943172
15.039522437216961	1.1983355793841979
15.056195965417867	1.2885886113837675
15.072869493618773	1.3436281107966848
15.08954302181968	1.2183352498289193
15.106216550020585	1.177327623299437
15.12289007822149	1.3177278700443165
15.139563606422396	1.238917855390888
15.156237134623302	1.2385605747266077
15.172910662824208	1.2681670672530383
15.189584191025114	1.2362726586967099
15.206257719226018	1.2304515629534973
15.222931247426924	1.2261602936825011
15.23960477562783	1.2049441117835473
15.256278303828736	1.3282338381017016
15.272951832029642	1.142834086114908
15.289625360230547	1.0954882105162005
15.306298888431453	1.2011208230420287
15.322972416632359	1.2854253337954598
15.339645944833265	1.249083295329607
15.356319473034171	1.2396264832456307
15.372993001235077	1.3069130653896384
15.389666529435981	1.2503197430851074
15.406340057636887	1.2841214757343615
15.423013585837793	1.1535862290898637
15.4396871140387	1.1393471957458003
15.456360642239606	1.2088476789865843
15.47303417044051	1.1268267463953308
15.489707698641416	1.1707040452008035
15.506381226842322	1.1334308243715903
15.523054755043228	1.0620813677846468
15.539728283244134	1.190040457367172
15.556401811445038	1.2211680797722484
15.573075339645944	1.1646932280039812
15.58974886784685	1.2001282931344592
15.606422396047757	1.1974948241737797
15.623095924248663	1.2144835898333124
15.639769452449567	1.1306596993529083
15.656442980650473	1.109309647197351
15.673116508851379	1.235822839180642
15.689790037052285	1.1717709995847305
15.706463565253191	1.205771903839341
15.723137093454097	1.2536957042003825
15.739810621655002	1.199091922417538
15.756484149855908	1.157874718891885
15.773157678056814	1.1697697814858952
15.78983120625772	1.1050005222064532
15.806504734458626	1.2085169277640175
15.82317826265953	1.1543585799523908
15.839851790860436	1.1451605986414233
15.856525319061342	1.2878590389692617
15.873198847262248	1.395207302385871
15.889872375463154	1.220521566774671
15.906545903664059	1.1872791299332464
15.923219431864965	1.2239730203305206
15.93989296006587	1.2030586070918765
15.956566488266777	1.271609794450763
15.973240016467683	1.2731589014925366
15.989913544668587	1.312848613318699
16.006587072869493	1.2029179819712494
16.0232606010704	1.2552169380196125
16.039934129271305	1.155732866614363
16.05660765747221	1.1148838424923746
16.073281185673117	1.2068510451453034
16.08995471387402	1.1681819160837104
16.10662824207493	1.2107124197319097
16.123301770275834	1.2412070939817368
16.139975298476738	1.1566341330302459
16.156648826677646	1.1728959528351697
16.17332235487855	1.1581141485019764
16.189995883079458	1.275791186004614
16.206669411280362	1.255714929789254
16.223342939481267	1.230309608667778
16.240016467682175	1.3482758104235313
16.25668999588308	1.244533548671534
16.273363524083987	1.1791695764993442
16.29003705228489	1.1184486762580703
16.306710580485795	1.1800847923093047
16.323384108686703	1.2724934801786039
16.340057636887607	1.2019284212592076
16.356731165088515	1.09663365372834
16.37340469328942	1.079058489527244
16.390078221490324	1.2588931451907792
16.40675174969123	1.2717240036403126
16.423425277892136	1.2980933215361
16.440098806093044	1.4078882558860697
16.456772334293948	1.3454165742772646
16.473445862494852	1.1519222325204286
16.49011939069576	1.0039035233923368
16.506792918896664	1.1121783848601239
16.523466447097572	1.1182111849675005
16.540139975298477	1.0225884783063315
16.55681350349938	1.0019066977227817
16.57348703170029	1.1066048382737774
16.590160559901193	1.1558613837076286
16.6068340881021	1.1170836644937157
16.623507616303005	1.1335207837886758
16.64018114450391	1.2373438735008988
16.656854672704817	1.2389081928284225
16.67352820090572	1.1678495628250034
16.69020172910663	1.1657952844640456
16.706875257307534	1.1981901082555289
16.72354878550844	1.2122972723692638
16.740222313709346	1.1193468529501827
16.75689584191025	1.1146506179522204
16.773569370111158	1.0733628772598611
16.790242898312062	1.137211354424934
16.80691642651297	1.094631338994882
16.823589954713874	1.0903895615459536
16.84026348291478	1.0639320112407837
16.856937011115686	1.0483857582127278
16.87361053931659	1.1541139587813622
16.8902840675175	1.143411996134697
16.906957595718403	1.1523193445864555
16.923631123919307	1.1605945643493714
16.940304652120215	1.0554352733197685
16.95697818032112	1.065085862966749
16.973651708522027	1.255898431140379
16.99032523672293	1.2444632106506854
17.006998764923836	1.0980989271004447
17.023672293124744	1.1023908436611647
17.040345821325648	1.1332318340879306
17.057019349526556	1.1472517549509043
17.07369287772746	1.1614261413600584
17.090366405928364	1.039274278209536
17.107039934129272	1.0089392806624677
17.123713462330176	1.1692569536121138
17.140386990531084	1.23813320996484
17.15706051873199	1.2056713408162705
17.173734046932893	1.139682094444174
17.1904075751338	1.0935534641035787
17.207081103334705	1.11596941371236
17.223754631535613	1.0945150325164756
17.240428159736517	1.1132099278437781
17.25710168793742	1.2174366673945554
17.27377521613833	1.2617788098042928
17.290448744339233	1.2538844756422904
17.30712227254014	1.1600338825608763
17.323795800741046	1.1657584724313388
17.34046932894195	1.166223675208323
17.357142857142858	1.153374228321874
17.373816385343762	0.9847993466422255
17.39048991354467	1.0001589996451759
17.407163441745574	0.979782319986621
17.42383696994648	0.9954396289584133
17.440510498147386	1.1116841440986307
17.45718402634829	1.1244610483892732
17.4738575545492	1.1661801255579256
17.490531082750103	1.1908440800378481
17.50720461095101	1.0935102371172918
17.523878139151915	1.0696552300829398
17.54055166735282	1.0591444368334733
17.557225195553727	1.126009553742826
17.57389872375463	1.131721446082208
17.59057225195554	0.9891666211280509
17.607245780156443	0.9242813654373253
17.623919308357348	1.1201283562015836
17.640592836558255	1.198119288605151
17.65726636475916	1.191909418502974
17.673939892960068	1.1620616238257686
17.690613421160972	1.0928828968817326
17.707286949361876	1.1292243491076706
17.723960477562784	1.1528809817679604
17.740634005763688	1.1205057506096363
17.757307533964596	1.0766494865700669
17.7739810621655	1.137697690659436
17.790654590366405	1.19012676009307
17.807328118567312	1.1593206090031734
17.824001646768217	1.10955400677152
17.840675174969125	1.1152907381281703
17.85734870317003	1.1054513559547474
17.874022231370933	1.1261219330946188
17.89069575957184	1.0731541017349202
17.907369287772745	1.0175562328249677
17.924042815973653	1.0642182546316286
17.940716344174557	1.0543208212395556
17.95738987237546	1.0219935291216187
17.97406340057637	1.0073493482391278
17.990736928777274	1.0474491574899272
18.00741045697818	1.0690275304556205
18.024083985179086	1.0687724751172416
18.04075751337999	1.1327439601683653
18.057431041580898	1.1859234472378002
18.074104569781802	1.1930541927865979
18.09077809798271	1.1878365826658217
18.107451626183614	1.0854898730639777
18.12412515438452	0.9769254326536004
18.140798682585427	0.9875158123615905
18.15747221078633	1.0710907632945952
18.17414573898724	1.0982155560189324
18.190819267188143	0.9831151183599659
18.207492795389047	0.9568143520636408
18.224166323589955	1.064626281949951
18.24083985179086	1.1270546767712069
18.257513379991767	1.0807498510616629
18.27418690819267	1.0129915576713628
18.29086043639358	1.0314968188469462
18.307533964594484	1.1139289626356303
18.324207492795388	1.1315301131486368
18.340881020996296	1.053713814570151
18.3575545491972	1.0600691696414848
18.374228077398108	1.168408202916349
18.390901605599012	1.1980555259825403
18.407575133799917	1.137693651851117
18.424248662000824	1.125377496430103
18.44092219020173	1.0780150556041166
18.457595718402636	1.1264406405125795
18.47426924660354	1.1613380216102989
18.490942774804445	1.1109529178126583
18.507616303005353	1.114324646284215
18.524289831206257	1.1647137510861112
18.540963359407165	1.1345494659138469
18.55763688760807	1.0563206570946906
18.574310415808974	1.041864683310005
18.59098394400988	1.0764272135910575
18.607657472210786	1.0697692443870563
18.624331000411694	1.0735896941936445
18.641004528612598	1.096143555167854
18.657678056813502	1.1352721659221974
18.67435158501441	1.0776697961721289
18.691025113215314	0.9701504508886358
18.707698641416222	0.989359118328545
18.724372169617126	1.108250880437642
18.74104569781803	1.1440287306350305
18.75771922601894	1.202733017510287
18.774392754219843	1.1178368051776237
18.79106628242075	0.9825827545571804
18.807739810621655	0.9856843033906508
18.82441333882256	1.0359342681932504
18.841086867023467	1.0929315023243615
18.85776039522437	1.0824686667891261
18.87443392342528	1.0785633844866576
18.891107451626183	1.0293485616735896
18.907780979827088	1.0380262506685656
18.924454508027996	1.0340794480995523
18.9411280362289	0.9942438274230828
18.957801564429808	0.9934084733071573
18.974475092630712	0.9723147079776474
18.991148620831616	1.0985699650845888
19.007822149032524	1.0503147716266295
19.02449567723343	1.0552465594790457
19.041169205434336	1.2368270354981898
19.05784273363524	1.151290792507523
19.07451626183615	0.8956034609521974
19.091189790037053	0.8711017764099762
19.107863318237957	1.0259509789251737
19.124536846438865	0.9906445408000287
19.14121037463977	0.9095413130351452
19.157883902840677	0.9026665949889568
19.17455743104158	0.9549862209170383
19.191230959242485	0.9858829833535225
19.207904487443393	1.033317414415204
19.224578015644298	1.0201753639649667
19.241251543845205	0.8940452294603461
19.25792507204611	0.9070645629916217
19.274598600247014	0.9145150698858286
19.291272128447922	0.9319835993949463
19.307945656648826	1.005973206148002
19.324619184849734	1.005642319616403
19.34129271305064	1.0116157409348516
19.357966241251543	1.0552844696196064
19.37463976945245	0.9741845599790072
19.391313297653355	0.9730772917585825
19.407986825854262	1.073046945243962
19.424660354055167	1.0972508427489442
19.44133388225607	1.1051228143365464
19.45800741045698	1.0046833231260959
19.474680938657883	1.0031989668845054
19.49135446685879	0.9883915287361628
19.508027995059695	0.9777460263514296
19.5247015232606	0.8808451935413275
19.541375051461507	0.8871054362897484
19.55804857966241	1.041296994472624
19.57472210786332	1.000056703824268
19.591395636064224	1.0255920124625995
19.608069164265128	1.0899502439101352
19.624742692466036	1.0537215006689735
19.64141622066694	0.9805842153087722
19.658089748867848	0.9482104832145171
19.674763277068752	0.9101015415985949
19.691436805269657	0.8802376247286055
19.708110333470565	0.9674418432814498
19.72478386167147	0.9504355773331853
19.741457389872377	0.9726139142248053
19.75813091807328	0.9402164346555929
19.774804446274185	0.9467237460936814
19.791477974475093	1.13587421888839
19.808151502675997	0.9888646753087836
19.824825030876905	0.9587453294205588
19.84149855907781	1.108467570756107
19.858172087278717	0.9739136416493207
19.87484561547962	0.8701473608946616
19.891519143680526	0.9577853048838548
19.908192671881434	1.0124866588777093
19.924866200082338	0.9562039973180325
19.941539728283246	0.8316806562115538
19.95821325648415	0.8757140998558398
19.974886784685054	0.9253354420703674
19.991560312885962	0.9358795282699061
20.008233841086867	1.0469837650244487
20.024907369287774	1.002060039028571
20.04158089748868	0.9366102609921468
20.058254425689583	0.9140733645771775
20.07492795389049	0.9481050941544479
20.091601482091395	1.0334453318554906
20.108275010292303	1.06480024808793
20.124948538493207	0.9994989183013095
20.14162206669411	0.9970090429691854
20.15829559489502	0.9853609577437503
20.174969123095924	0.860557582988013
20.19164265129683	0.8809812927161232
20.208316179497736	0.9661480261271498
20.22498970769864	1.0060147397263486
20.241663235899548	0.9543802275740166
20.258336764100452	0.8810210637258846
20.27501029230136	0.8726065015213373
20.291683820502264	0.8813595856017282
20.30835734870317	0.9875073202825445
20.325030876904076	1.0603452729580556
20.34170440510498	1.0350181988380558
20.35837793330589	1.0007035792926373
20.375051461506793	0.9784970447629531
20.391724989707697	1.0072969684615534
20.408398517908605	1.0009493406890346
20.42507204610951	0.9152187356111778
20.441745574310417	0.8303867917319371
20.45841910251132	0.883594113415016
20.475092630712226	0.9532645696643623
20.491766158913133	0.9217720251428942
20.508439687114038	0.928579920448451
20.525113215314946	0.8780859342873623
20.54178674351585	0.861111347634635
20.558460271716754	0.928555754423768
20.575133799917662	1.0184863313100663
20.591807328118566	1.1053545014766917
20.608480856319474	0.9851818460549603
20.62515438452038	0.9129283902140335
20.641827912721286	0.9132420983134525
20.65850144092219	0.8749825134412782
20.675174969123095	0.9888937267127558
20.691848497324003	1.2118780475712592
20.708522025524907	1.2078322291189332
20.725195553725815	1.1416251633332037
20.74186908192672	1.0977071595604317
20.758542610127623	0.962012279628638
20.77521613832853	0.9389797458101213
20.791889666529435	1.0317216168924694
20.808563194730343	1.0509022870466322
20.825236722931248	0.9831354626966436
20.841910251132152	1.0826931186608992
20.85858377933306	1.0502352747389077
20.875257307533964	0.8863724302801409
20.891930835734872	0.9418314100094727
20.908604363935776	0.9298958490806538
20.92527789213668	0.981240519069475
20.94195142033759	0.9739625716329126
20.958624948538493	0.8593978818070886
20.9752984767394	0.8920082350234956
20.991972004940305	0.862775580685525
21.00864553314121	0.8468093834725552
21.025319061342117	0.8617105036463698
21.04199258954302	0.9560507230009134
21.05866611774393	0.9402355186992576
21.075339645944833	0.8731282399401614
21.092013174145738	0.8815965487104297
21.108686702346645	0.9352319897986396
21.12536023054755	0.8888249557605769
21.142033758748457	0.8762684150193147
21.15870728694936	0.9363412712878872
21.175380815150266	0.9629374171344794
21.192054343351174	0.9521110533789993
21.208727871552078	1.012097653692333
21.225401399752986	0.9706489289873889
21.24207492795389	0.9492406174360156
21.258748456154795	0.8868730569885561
21.275421984355702	0.8523451647093082
21.292095512556607	0.9046681268046154
21.308769040757515	0.9576891871854182
21.32544256895842	1.0449155584743488
21.342116097159327	1.0227170285461562
21.35878962536023	0.8530809695659124
21.375463153561135	0.7756976517102194
21.392136681762043	0.9161450909856224
21.408810209962947	0.925800998951697
21.425483738163855	0.8955584516852946
21.44215726636476	0.9949383559826744
21.458830794565664	0.9652399828056807
21.47550432276657	0.9490370592719317
21.492177850967476	0.9321164474507093
21.508851379168384	0.8708604739921086
21.525524907369288	0.9598898158000874
21.542198435570192	1.0740637881063722
21.5588719637711	1.0600301260199076
21.575545491972004	0.9341567078830153
21.592219020172912	0.9060173934675231
21.608892548373817	1.0013833271432175
21.62556607657472	0.9875846191522851
21.64223960477563	0.8853003336264047
21.658913132976533	0.9233074130397666
21.67558666117744	0.9180371557408161
21.692260189378345	0.9289092354245584
21.70893371757925	0.9212134164969189
21.725607245780157	0.8760736845295297
21.74228077398106	0.9606977120674249
21.75895430218197	0.9655553920427572
21.775627830382874	0.9834894555088385
21.792301358583778	0.9113671984484473
21.808974886784686	0.875216525544701
21.82564841498559	0.8360671740922605
21.842321943186498	0.7677151672410618
21.858995471387402	0.8714112930179818
21.875668999588306	0.850712757705772
21.892342527789214	0.863371367055219
21.90901605599012	0.8606445975782134
21.925689584191026	0.8271774956245267
21.94236311239193	0.9186923172134734
21.959036640592835	0.9898352330522584
21.975710168793743	0.9333880467954574
21.992383696994647	0.854670031061682
22.009057225195555	0.8391298699248985
22.02573075339646	0.8769882914481765
22.042404281597364	0.8074840409929732
22.05907780979827	0.8126906002490228
22.075751337999176	0.8665486909603339
22.092424866200083	0.8637057865756191
22.109098394400988	0.9595136240831323
22.125771922601896	0.9441344814770284
22.1424454508028	0.918680246855535
22.159118979003704	0.983505338057372
22.175792507204612	0.9973501303983329
22.192466035405516	0.9643130769023717
22.209139563606424	0.9437755155518632
22.22581309180733	1.0011133933644634
22.242486620008233	0.8216148955357612
22.25916014820914	0.8969881892219479
22.275833676410045	0.9650997316095223
22.292507204610953	0.8776741112799858
22.309180732811857	0.936626156366903
22.32585426101276	0.9675070039922434
22.34252778921367	0.913228215045089
22.359201317414573	0.9082064099230452
22.37587484561548	0.9037615589764852
22.392548373816386	1.0008045674551653
22.40922190201729	1.0010417696513663
22.425895430218198	0.9477165832585194
22.442568958419102	0.9875108052815343
22.45924248662001	0.9224592353750554
22.475916014820914	0.7751657583823572
22.49258954302182	0.7929038718258548
22.509263071222726	0.8590806291779381
22.52593659942363	0.8397989812612346
22.54261012762454	0.8052719991775511
22.559283655825443	0.8677609650274559
22.575957184026347	1.035474373201761
22.592630712227255	0.8891161043363679
22.60930424042816	0.8393121150920225
22.625977768629067	0.8723479010327155
22.64265129682997	0.8356492552615044
22.659324825030875	0.854853407248569
22.675998353231783	0.9283009272919338
22.692671881432688	0.8901309799167622
22.709345409633595	0.8588586191674213
22.7260189378345	0.8826020295309828
22.742692466035404	0.9331579391833179
22.759365994236312	0.8877315216112155
22.776039522437216	0.9345316508065561
22.792713050638124	0.9438142514197753
22.809386578839028	0.9820627497566391
22.826060107039932	0.9359529253275266
22.84273363524084	0.9124446518176591
22.859407163441745	0.9912572613580888
22.876080691642652	0.919324428080335
22.892754219843557	0.8002759507068106
22.909427748044465	0.9867937353334985
22.92610127624537	1.054053791465134
22.942774804446273	0.9210199177735185
22.95944833264718	0.92836288401268
22.976121860848085	0.8732439673197202
22.992795389048993	0.8732765208863577
23.009468917249897	0.9287278002298691
23.0261424454508	0.7856474907564074
23.04281597365171	0.7431172265725933
23.059489501852614	0.8556413487914682
23.07616303005352	0.8230200791369954
23.092836558254426	0.8302986683894173
23.10951008645533	0.7633649980972775
23.126183614656238	0.8435483107442687
23.142857142857142	0.9633915430727283
23.15953067105805	1.0510024600718673
23.176204199258954	0.944047724498829
23.19287772745986	0.8598608451393533
23.209551255660767	0.9319273748970041
23.22622478386167	0.9146342926829418
23.24289831206258	0.9373253185990705
23.259571840263483	0.9120475063071222
23.276245368464387	0.8263853646119518
23.292918896665295	0.8130206952445617
23.3095924248662	0.893361074189167
23.326265953067107	0.8707488618868838
23.34293948126801	0.9113893755003455
23.359613009468916	0.8315764384637744
23.376286537669824	0.6909828325423153
23.392960065870728	0.7847260586180687
23.409633594071636	0.9068816540834492
23.42630712227254	0.869513571023566
23.442980650473444	0.8877572635515023
23.459654178674352	0.9304726915834385
23.476327706875256	0.830008769254891
23.493001235076164	0.6753296101093388
23.50967476327707	0.8218029436554315
23.526348291477973	0.8503277009582607
23.54302181967888	0.8746943395661798
23.559695347879785	0.9178765016202773
23.576368876080693	0.931317993587417
23.593042404281597	0.9714755630541878
23.6097159324825	0.875593528078514
23.62638946068341	0.8012893837114489
23.643062988884314	0.801373726836452
23.65973651708522	0.7912147173010171
23.676410045286126	0.8046208306356283
23.693083573487034	0.8566729902869091
23.709757101687938	0.8693533783649594
23.726430629888842	0.9215549737918547
23.74310415808975	0.8891595887116004
23.759777686290654	0.926037495371424
23.776451214491562	0.8953206995646439
23.793124742692466	0.8518148540749423
23.80979827089337	0.8936763598366964
23.82647179909428	0.8886700808930484
23.843145327295183	0.9823909595232762
23.85981885549609	1.0238563477648668
23.876492383696995	0.9726844903993844
23.8931659118979	0.8813487211915739
23.909839440098807	0.9458490333634816
23.92651296829971	0.9028237609088184
23.94318649650062	0.9934119945208509
23.959860024701523	0.9416297003088518
23.976533552902428	0.8506072798513706
23.993207081103336	0.8498181055099717
24.00988060930424	0.8207929842436804
24.026554137505148	0.7952368349601892
24.043227665706052	0.7824575421006703
24.059901193906956	0.801079470451845
24.076574722107864	0.7943154204664683
24.09324825030877	0.8744859358285882
24.109921778509676	0.993517987147904
24.12659530671058	0.7935571743512057
24.143268834911485	0.7677596767969835
24.159942363112393	0.9158796010462541
24.176615891313297	0.8925707145906011
24.193289419514205	0.9278404311223095
24.20996294771511	0.9229947708007552
24.226636475916013	0.8789136119563286
24.24331000411692	0.9235198692491846
24.259983532317825	1.008780504538349
24.276657060518733	0.9064819615849065
24.293330588719638	0.9078352079880131
24.310004116920542	0.9574719280242666
24.32667764512145	0.8801456999569387
24.343351173322354	0.8799478236788049
24.360024701523262	0.8782360469003107
24.376698229724166	0.7940018020149696
24.39337175792507	0.851674521766074
24.41004528612598	0.8453573479069806
24.426718814326883	0.7782627793011343
24.44339234252779	0.6759694417989637
24.460065870728695	0.6542017166481019
24.476739398929602	0.7517201535517408
24.493412927130507	0.8566910633172155
24.51008645533141	0.729806169561812
24.52675998353232	0.8134156461385492
24.543433511733223	0.8133514944826538
24.56010703993413	0.7573196221858278
24.576780568135035	0.7674962865982489
24.59345409633594	0.8581043572785927
24.610127624536847	0.8387042681222548
24.62680115273775	0.7924109119993771
24.64347468093866	0.8877822335484661
24.660148209139564	0.8644521910354451
24.676821737340468	0.8590474716749098
24.693495265541376	0.79172251309586
24.71016879374228	0.8384522291736723
24.726842321943188	0.8631737530625425
24.743515850144092	0.87214143522911
24.760189378344997	0.8695871729215828
24.776862906545905	0.9115191639959928
24.79353643474681	0.8034908950522331
24.810209962947717	0.8074433318695553
24.82688349114862	0.7576418157435504
24.843557019349525	0.6868341151422657
24.860230547550433	0.814765843322492
24.876904075751337	0.8447933292032523
24.893577603952245	0.7267107833986485
24.91025113215315	0.6949084006925176
24.926924660354054	0.7627472828245111
24.94359818855496	0.8506876285990936
24.960271716755866	0.8732951362262312
24.976945244956774	0.8376442313614287
24.993618773157678	0.8199486383511786
25.010292301358582	0.7836448366481019
25.02696582955949	0.8198100606741396
25.043639357760394	0.7387321158076491
25.060312885961302	0.7846703115807435
25.076986414162207	0.8007865262868457
25.09365994236311	0.8992299656763979
25.11033347056402	0.8727846552891737
25.127006998764923	0.9259906545263283
25.14368052696583	0.8281718828565671
25.160354055166735	0.8296021348310152
25.17702758336764	0.8619253889374462
25.193701111568547	0.866460331137055
25.21037463976945	0.8209579631724694
25.22704816797036	0.8521222094886174
25.243721696171264	0.8474983260546685
25.26039522437217	0.8655025066135623
25.277068752573076	0.8439349874819441
25.29374228077398	0.7640233472295005
25.310415808974888	0.7335625261147672
25.327089337175792	0.7705617748138499
25.3437628653767	0.796109328295079
25.360436393577604	0.8279505957415102
25.37710992177851	0.7936112041526387
25.393783449979416	0.8114511784342938
25.41045697818032	0.8582568400597855
25.42713050638123	0.8135425507125073
25.443804034582133	0.9296420440601133
25.460477562783037	0.9159169125122599
25.477151090983945	0.9655099240609868
25.49382461918485	0.9760933539686947
25.510498147385757	0.8976224815886805
25.52717167558666	0.9405193802294182
25.543845203787566	0.8584372236521454
25.560518731988473	0.7615008745711517
25.577192260189378	0.7838990888875362
25.593865788390286	0.7456299811248775
25.61053931659119	0.7114351106975025
25.627212844792094	0.8163078164777346
25.643886372993002	0.7264253883359773
25.660559901193906	0.835999271925479
25.677233429394814	1.0032872857432067
25.69390695759572	0.8814436932745175
25.710580485796623	0.9257414394219
25.72725401399753	0.9589171853550936
25.743927542198435	0.93941102138429
25.760601070399343	0.9228056388623832
25.777274598600247	0.9311428947031931
25.79394812680115	0.9531433162480374
25.81062165500206	0.8539250810762182
25.827295183202963	0.8250495123447349
25.84396871140387	0.8722621439124979
25.860642239604775	0.7984530428747135
25.87731576780568	0.7782519505493823
25.893989296006588	0.8785049353377433
25.910662824207492	0.7694332108654792
25.9273363524084	0.7023699501928021
25.944009880609304	0.8040469177164888
25.96068340881021	0.9418139312465582
25.977356937011116	1.0128796651155814
25.99403046521202	0.861927120527008
26.01070399341293	0.8178714993874047
26.027377521613833	0.801086854577154
26.04405104981474	0.7591712427261578
26.060724578015645	0.8137124745081067
26.07739810621655	0.8377085392950988
26.094071634417457	0.9194636254750884
26.11074516261836	0.8449203019781528
26.12741869081927	0.7097530645522127
26.144092219020173	0.6265754788185752
26.160765747221078	0.7129696953390486
26.177439275421985	0.8880716777569511
26.19411280362289	0.9577915357017398
26.210786331823797	0.8390856023337301
26.2274598600247	0.6963474896706452
26.244133388225606	0.6744908780473755
26.260806916426514	0.8619487246897973
26.277480444627418	0.8293704020098971
26.294153972828326	0.6923477511016239
26.31082750102923	0.659388945684126
26.327501029230135	0.7696271676292096
26.344174557431042	0.8733409097101883
26.360848085631947	0.7935332416857072
26.377521613832855	0.6998206498714735
26.39419514203376	0.7879500642215638
26.410868670234663	0.8179157348540373
26.42754219843557	0.749464923742199
26.444215726636475	0.6589978733557518
26.460889254837383	0.7586581862747851
26.477562783038287	0.819891565091433
26.49423631123919	0.9637436245059708
26.5109098394401	0.772114286417337
26.527583367641004	0.7145799894606741
26.54425689584191	0.7492447004276322
26.560930424042816	0.8467242365707387
26.57760395224372	0.867943175466455
26.594277480444628	0.8519407106384915
26.610951008645532	0.7581949540180254
26.62762453684644	0.8040038326512439
26.644298065047344	0.7973926860316028
26.66097159324825	0.8203756230561464
26.677645121449157	0.8856818446585037
26.69431864965006	0.7919612815646904
26.71099217785097	0.6713258595521034
26.727665706051873	0.8241922574199628
26.744339234252777	0.7251908903053708
26.761012762453685	0.6907507768838319
26.77768629065459	0.6280997922052591
26.794359818855497	0.643584380567045
26.8110333470564	0.7818650369265925
26.82770687525731	0.7406971380804407
26.844380403458214	0.6814463607407272
26.861053931659118	0.7823095738105367
26.877727459860026	0.7803097697074435
26.89440098806093	0.7290394641192848
26.911074516261838	0.6816495128023213
26.927748044462742	0.9018574945672702
26.944421572663646	0.9008415066882776
26.961095100864554	0.8499952483037375
26.97776862906546	0.7705813014210728
26.994442157266366	0.7971225025501564
27.01111568546727	0.7787400494855985
27.027789213668175	0.7773103810844403
27.044462741869083	0.7173887010121736
27.061136270069987	0.7661021168260536
27.077809798270895	0.7791421031807204
27.0944833264718	0.7296770172321323
27.111156854672704	0.740239217647543
27.12783038287361	0.8138745128441434
27.144503911074516	0.8030191773343279
27.161177439275423	0.8117739031707364
27.177850967476328	0.8013528438544537
27.194524495677232	0.7978687046605772
27.21119802387814	0.70951936140642
27.227871552079044	0.8499911090238422
27.244545080279952	0.7899320528995415
27.261218608480856	0.7229083870985327
27.27789213668176	0.6886872662646674
27.29456566488267	0.6956608412062468
27.311239193083573	0.7918556564037401
27.32791272128448	0.8442187519922196
27.344586249485385	0.781435319833508
27.36125977768629	0.7692586150425328
27.377933305887197	0.8031211767125056
27.3946068340881	0.8024994597836208
27.41128036228901	0.772594670278724
27.427953890489913	0.6762264707573327
27.444627418690818	0.7701914001302316
27.461300946891726	0.8449886834456574
27.47797447509263	0.8223467612413334
27.494648003293538	0.8823039149352011
27.511321531494442	0.847298424769394
27.527995059695346	0.8193857059223187
27.544668587896254	0.8864783079272555
27.56134211609716	0.7089585107646585
27.578015644298066	0.776206024539238
27.59468917249897	0.7208633965795832
27.61136270069988	0.7711389167411754
27.628036228900783	0.7319286837083249
27.644709757101687	0.6745017689080841
27.661383285302595	0.7938985118713396
27.6780568135035	0.765875515199978
27.694730341704407	0.7759674048792752
27.71140386990531	0.7164095729869719
27.728077398106215	0.6628902680199875
27.744750926307123	0.7745684946871001
27.761424454508028	0.8243331522568306
27.778097982708935	0.8225673266881628
27.79477151090984	0.7527264638095
27.811445039110744	0.7337372101748815
27.828118567311652	0.8052583594582841
27.844792095512556	0.7853754841694603
27.861465623713464	0.7757374223576288
27.878139151914368	0.7070353863398938
27.894812680115272	0.6740479460932614
27.91148620831618	0.7195885212736476
27.928159736517085	0.7563649281981407
27.944833264717992	0.7347887683505213
27.961506792918897	0.6557956488148518
27.9781803211198	0.7966094423979865
27.99485384932071	0.7345578474232081
28.011527377521613	0.7326581687124349
28.02820090572252	0.6045039044648931
28.044874433923425	0.6288095999166182
28.06154796212433	0.7395004204902419
28.078221490325237	0.6829664384863483
28.09489501852614	0.8158199391852966
28.11156854672705	0.760787469259216
28.128242074927954	0.7799932239824038
28.144915603128858	0.7958288279746907
28.161589131329766	0.6466915224606117
28.17826265953067	0.6859377998157852
28.194936187731578	0.7249303963248821
28.211609715932482	0.7650703191709944
28.228283244133387	0.7160469677447233
28.244956772334294	0.6539636337313437
28.2616303005352	0.6816818129435004
28.278303828736107	0.7415730213932613
28.29497735693701	0.7468736579068744
28.311650885137915	0.7332058068847636
28.328324413338823	0.7507576857740895
28.344997941539727	0.7302515313285992
28.361671469740635	0.7600344301844796
28.37834499794154	0.8157569043486113
28.395018526142447	0.7474073010350104
28.41169205434335	0.7290403334393536
28.428365582544256	0.753067530857715
28.445039110745164	0.6164964839414685
28.461712638946068	0.5905707093020461
28.478386167146976	0.7951411207728992
28.49505969534788	0.8360838102312298
28.511733223548784	0.73987448382025
28.528406751749692	0.6939710895230914
28.545080279950596	0.7736769908191778
28.561753808151504	0.8001824497242304
28.57842733635241	0.7457831687160928
28.595100864553313	0.8057654339629413
28.61177439275422	0.9367688057708465
28.628447920955125	0.8618347945813972
28.645121449156033	0.7341293663220877
28.661794977356937	0.927301476005232
28.67846850555784	0.7929225365887078
28.69514203375875	0.7014429282628656
28.711815561959654	0.671605625223742
28.72848909016056	0.7023744752261919
28.745162618361466	0.6554729957882857
28.76183614656237	0.6854282405971163
28.778509674763278	0.7163799602135835
28.795183202964182	0.5826793779771406
28.81185673116509	0.6781386967459022
28.828530259365994	0.6478728862829982
28.8452037875669	0.7968383414968865
28.861877315767806	0.7498445264027935
28.87855084396871	0.6678376927015475
28.89522437216962	0.7834615001175576
28.911897900370523	0.9206407639673096
28.928571428571427	0.773586532656419
28.945244956772335	0.7586323137808864
28.96191848497324	0.7332092597161227
28.978592013174147	0.6758330701082627
28.99526554137505	0.716922080856044
29.011939069575956	0.8254032734396282
29.028612597776863	0.7941972713150802
29.045286125977768	0.7257736668026996
29.061959654178676	0.7567568657936689
29.07863318237958	0.6277902363708314
29.095306710580484	0.7793219370174368
29.111980238781392	0.6815061035566756
29.128653766982296	0.7044592394841838
29.145327295183204	0.5829460209328884
29.16200082338411	0.6623896770971921
29.178674351585016	0.7243242836676175
29.19534787978592	0.8148757668317025
29.212021407986825	0.7390709131861806
29.228694936187733	0.7937965574644779
29.245368464388637	0.6380872877971671
29.262041992589545	0.6398564306329649
29.27871552079045	0.7029080365420316
29.295389048991353	0.672386823627892
29.31206257719226	0.6998152762199055
29.328736105393165	0.5541816271203387
29.345409633594073	0.6076239683515756
29.362083161794978	0.6765410795958432
29.378756689995882	0.6293404105607264
29.39543021819679	0.6521332122819767
29.412103746397694	0.7300353103370505
29.428777274598602	0.7748786159900974
29.445450802799506	0.8094930535241188
29.46212433100041	0.6739477139729495
29.47879785920132	0.7131368361407122
29.495471387402223	0.7868721163862268
29.51214491560313	0.7176286294699236
29.528818443804035	0.5943130639112794
29.54549197200494	0.7903791659744019
29.562165500205847	0.8740805557095718
29.57883902840675	0.7237045896476989
29.59551255660766	0.7356917540276234
29.612186084808563	0.7642171602133054
29.628859613009467	0.6860776547150356
29.645533141210375	0.6840372803184592
29.66220666941128	0.8446435549030145
29.678880197612187	0.7433422611797054
29.69555372581309	0.6744485254549831
29.712227254013996	0.647512244435257
29.728900782214904	0.7910266827098841
29.745574310415808	0.6622611268921238
29.762247838616716	0.7045319812589771
29.77892136681762	0.6755625435072748
29.795594895018525	0.6073603908086334
29.812268423219432	0.6720946594604638
29.828941951420337	0.7317316962058613
29.845615479621245	0.7785714483381384
29.86228900782215	0.7956598249486813
29.878962536023053	0.7211700411994412
29.89563606422396	0.6946971538136131
29.912309592424865	0.6319859255528469
29.928983120625773	0.6551293353308572
29.945656648826677	0.7560653392264679
29.962330177027585	0.7362122813905219
29.97900370522849	0.6697781325523839
29.995677233429394	0.8238005566819891
30.0123507616303	0.7880637984366823
30.029024289831206	0.7106884466342202
30.045697818032114	0.7674881466488455
30.062371346233018	0.7831615316206538
30.079044874433922	0.7124584876782737
30.09571840263483	0.6533892094959296
30.112391930835734	0.5508033659754343
30.129065459036642	0.5790792241190266
30.145738987237547	0.7709796347907729
30.16241251543845	0.756525867962669
30.17908604363936	0.6869311188814152
30.195759571840263	0.7897149470381207
30.21243310004117	0.743031318986943
30.229106628242075	0.6779944198720758
30.24578015644298	0.6386999391416077
30.262453684643887	0.5705950657442518
30.27912721284479	0.5828981170031537
30.2958007410457	0.6253697910378201
30.312474269246604	0.6587388382254138
30.329147797447508	0.7666064555220193
30.345821325648416	0.5898213325893161
30.36249485384932	0.5529988844784022
30.379168382050228	0.5863543825535283
30.395841910251132	0.6212989757235826
30.412515438452036	0.566270297936003
30.429188966652944	0.5363570759512185
30.44586249485385	0.620456044080242
30.462536023054756	0.7036783789819917
30.47920955125566	0.6389739196725737
30.495883079456565	0.7546855995396486
30.512556607657473	0.6398005276016053
30.529230135858377	0.6526329568529554
30.545903664059285	0.6916817332882498
30.56257719226019	0.6286215126658454
30.579250720461093	0.7954372359192484
30.595924248662	0.657457449316334
30.612597776862906	0.7007040983442441
30.629271305063813	0.706660967722235
30.645944833264718	0.7072260417999393
30.662618361465626	0.7379191631429887
30.67929188966653	0.7282234067805426
30.695965417867434	0.6161424101088961
30.712638946068342	0.781893468447368
30.729312474269246	0.6079635921755511
30.745986002470154	0.6039546448525956
30.76265953067106	0.6209855526856328
30.779333058871963	0.6056952834379364
30.79600658707287	0.6153791270473925
30.812680115273775	0.6522600622904828
30.829353643474683	0.6205106418662538
30.846027171675587	0.6030683482097219
30.86270069987649	0.7413316941471962
30.8793742280774	0.6397503111194419
30.896047756278303	0.6563356587707821
30.91272128447921	0.7960954132243099
30.929394812680115	0.6323686493875728
30.94606834088102	0.5436022562722411
30.962741869081928	0.5211708915233223
30.979415397282832	0.6198502386382139
30.99608892548374	0.7678300501183886
31.012762453684644	0.7328173300272974
31.02943598188555	0.6790665458667458
31.046109510086456	0.5755934533056911
31.06278303828736	0.5570767906498524
31.07945656648827	0.6068579063536769
31.096130094689173	0.6584225320859062
31.112803622890077	0.7260079702271521
31.129477151090985	0.6769156447348007
31.14615067929189	0.765800144826954
31.162824207492797	0.7412085116171603
31.1794977356937	0.7247102368254467
31.196171263894605	0.6493600481205994
31.212844792095513	0.6840081628608987
31.229518320296417	0.5589665285257932
31.246191848497325	0.6028851698760356
31.26286537669823	0.6134218851178059
31.279538904899134	0.6945101438734376
31.29621243310004	0.6245061734829738
31.312885961300946	0.706232390798145
31.329559489501854	0.6570391973395802
31.346233017702758	0.6861804976348981
31.362906545903662	0.6537193723174002
31.37958007410457	0.7162140233484807
31.396253602305475	0.614393020684463
31.412927130506382	0.5841565903633619
31.429600658707287	0.7615455885225794
31.446274186908195	0.6923536436550648
31.4629477151091	0.7922421113701751
31.479621243310003	0.8202803187848964
31.49629477151091	0.7127910187205861
31.512968299711815	0.6262616547015676
31.529641827912723	0.6198964593229974
31.546315356113627	0.6703938240185003
31.56298888431453	0.674172683005866
31.57966241251544	0.6094105333027632
31.596335940716344	0.6736555524033907
31.61300946891725	0.7823723629662218
31.629682997118156	0.6048854607499422
31.64635652531906	0.6024679384658045
31.663030053519968	0.6409629459400854
31.679703581720872	0.6523832980449837
31.69637710992178	0.7882864543650093
31.713050638122684	0.6758902285979568
31.72972416632359	0.7654491566443501
31.746397694524497	0.7669552635747304
31.7630712227254	0.6664317183029436
31.77974475092631	0.762368591839719
31.796418279127213	0.6549324013452675
31.813091807328117	0.6851148133610332
31.829765335529025	0.7225458301985453
31.84643886372993	0.7422630057144642
31.863112391930837	0.7316891510148015
31.87978592013174	0.679543157259776
31.896459448332646	0.5893683432008638
31.913132976533554	0.6029061183726563
31.929806504734458	0.6749008465997688
31.946480032935366	0.6915101976783886
31.96315356113627	0.7449652228121282
31.979827089337174	0.6133062680441786
31.996500617538082	0.6677410933333497
32.01317414573899	0.6869393709377752
32.02984767393989	0.7198068278758643
32.0465212021408	0.7092152331842202
32.063194730341706	0.6945257672710511
32.07986825854261	0.604357891146688
32.096541786743515	0.6648213587871394
32.11321531494442	0.5104242533416575
32.12988884314533	0.5535240162033404
32.146562371346235	0.478239602322565
32.16323589954714	0.6881555686843716
32.17990942774804	0.7036558134894878
32.19658295594895	0.6926028202451009
32.21325648414986	0.5947067132039227
32.22993001235076	0.7073799712155631
32.24660354055167	0.6535893297671305
32.26327706875257	0.5775931095560813
32.279950596953476	0.5298115775596404
32.29662412515439	0.5606227636625379
32.31329765335529	0.5261881232775748
32.329971181556196	0.6382823530076616
32.3466447097571	0.7425607962716892
32.363318237958005	0.5982724644830009
32.379991766158916	0.7062720421249941
32.39666529435982	0.5206377680951961
32.413338822560725	0.5552884855254719
32.43001235076163	0.5720590803706743
32.44668587896253	0.6845631620527753
32.463359407163445	0.7171329668085848
32.48003293536435	0.7233511848270056
32.49670646356525	0.6008655339947084
32.51337999176616	0.48695410672008566
32.53005351996706	0.5708852458003867
32.54672704816797	0.5313792049551119
32.56340057636888	0.6301839542453536
32.58007410456978	0.6474861204864496
32.596747632770686	0.5855747188240471
32.61342116097159	0.6311788139295177
32.6300946891725	0.59558649642923
32.646768217373406	0.638688104242538
32.66344174557431	0.5769049996966112
32.680115273775215	0.5544811032687261
32.69678880197612	0.5084936902420042
32.71346233017703	0.6627562823626337
32.730135858377935	0.7010894291204204
32.74680938657884	0.5912512260318612
32.76348291477974	0.5409152945854208
32.78015644298065	0.6352532403437925
32.79682997118156	0.6833430614895635
32.81350349938246	0.7292180857801039
32.83017702758337	0.5981387772611167
32.84685055578427	0.6213664162402814
32.863524083985176	0.5436605058250219
32.88019761218609	0.5784628322757154
32.89687114038699	0.4855184070589087
32.913544668587896	0.6125756040247452
32.9302181967888	0.7119421077089837
32.946891724989705	0.5455041964977225
32.963565253190616	0.5453224556246108
32.98023878139152	0.7055322124206247
32.996912309592425	0.5778908677012595
33.01358583779333	0.6127910735852178
33.03025936599423	0.7294414700296766
33.046932894195145	0.6507679111752239
33.06360642239605	0.6185040164594526
33.08027995059695	0.6669243021770007
33.09695347879786	0.627454643365834
33.11362700699876	0.7380032676844291
33.13030053519967	0.7037194779548366
33.14697406340058	0.6145610859844473
33.16364759160148	0.49672314575044335
33.180321119802386	0.4799662141867569
33.19699464800329	0.5572901918356056
33.2136681762042	0.44156172153009454
33.230341704405106	0.6777629809816303
33.24701523260601	0.5866787719071616
33.263688760806915	0.6724537549946585
33.28036228900782	0.6464159858297199
33.29703581720873	0.6662947286788652
33.313709345409634	0.637111755133368
33.33038287361054	0.5888448634298384
33.34705640181144	0.5394952794931872
33.36372993001235	0.5872166070901239
33.38040345821326	0.6398957557069693
33.39707698641416	0.5666134102221123
33.41375051461507	0.5804215553139012
33.43042404281597	0.5612203086054004
33.44709757101688	0.7968749441551141
33.46377109921779	0.7387596235537114
33.48044462741869	0.6192849930574198
33.497118155619596	0.5224232863041551
33.5137916838205	0.5427542558905973
33.53046521202141	0.6529213814212272
33.547138740222316	0.5915107870413507
33.56381226842322	0.6315712064524149
33.580485796624124	0.5606388255789123
33.59715932482503	0.6935907552537134
33.61383285302594	0.6152924021127074
33.630506381226844	0.5318495492846012
33.64717990942775	0.42667573890829097
33.66385343762865	0.4651091581215808
33.68052696582956	0.46088791426524894
33.69720049403047	0.5716474300146912
33.71387402223137	0.5733714344970691
33.73054755043228	0.6159728149030775
33.74722107863318	0.7183910374195615
33.763894606834086	0.7366303659703612
33.780568135035	0.7367079031343717
33.7972416632359	0.6848873160352186
33.813915191436806	0.6385913811784409
33.83058871963771	0.7303874261699014
33.847262247838614	0.5570382537776362
33.863935776039526	0.6555600077837862
33.88060930424043	0.5460830018128597
33.897282832441334	0.6141634900935575
33.91395636064224	0.6319958522851972
33.93062988884314	0.6268477830736355
33.947303417044054	0.7302854183320575
33.96397694524496	0.5463463967432436
33.98065047344586	0.6232147325442466
33.99732400164677	0.5767761826293858
34.01399752984767	0.5432752302464527
34.03067105804858	0.5237529887355713
34.04734458624949	0.6308680275728477
34.06401811445039	0.5202152935696533
34.080691642651296	0.5958128042320024
34.0973651708522	0.6298552092556928
34.11403869905311	0.6432920483763331
34.130712227254016	0.4614560892351686
34.14738575545492	0.6225898439874948
34.164059283655824	0.663075798512273
34.18073281185673	0.5325645588232739
34.19740634005764	0.6090060623771252
34.214079868258544	0.6164518075364379
34.23075339645945	0.5935537301235652
34.24742692466035	0.4738448720978614
34.26410045286126	0.6854867546144486
34.28077398106217	0.6579793577894663
34.29744750926307	0.5931204520623291
34.31412103746398	0.6526192649506161
34.33079456566488	0.6065421037852365
34.347468093865785	0.5170655315714319
34.3641416220667	0.7204182872979743
34.3808151502676	0.7210581288683096
34.397488678468505	0.6086901979381472
34.41416220666941	0.5586567468628606
34.430835734870314	0.558557452919241
34.447509263071225	0.7932075671849754
34.46418279127213	0.631222446072795
34.480856319473034	0.4480701879546189
34.49752984767394	0.4707685324865497
34.51420337587484	0.40970125824131126
34.530876904075754	0.44603287602986075
34.54755043227666	0.45945315339290954
34.56422396047756	0.6203772386436798
34.58089748867847	0.593747237109372
34.59757101687937	0.6116416964942586
34.61424454508028	0.7283112948964712
34.63091807328119	0.5277395847461065
34.64759160148209	0.5291981793469308
34.664265129682995	0.5835531238262684
34.6809386578839	0.500450741381453
34.69761218608481	0.6785689742798294
34.714285714285715	0.5651805133358159
34.73095924248662	0.579391095607252
34.747632770687524	0.6713759365633131
34.76430629888843	0.5885666882666931
34.78097982708934	0.4979355355951915
34.797653355290244	0.8032131947601328
34.81432688349115	0.7192025783961556
34.83100041169205	0.6764537571244641
34.84767393989296	0.6192681314647477
34.86434746809387	0.6000873617230835
34.88102099629477	0.5876774368942961
34.89769452449568	0.6184279648822737
34.91436805269658	0.5965365006653512
34.93104158089749	0.7598662664083232
34.9477151090984	0.7209545806507079
34.9643886372993	0.6569683878905018
34.981062165500205	0.7244982227279488
34.99773569370111	0.6495244202046074
35.01440922190202	0.6580708100682279
35.031082750102925	0.6289051126394664
35.04775627830383	0.575241781407799
35.064429806504734	0.6602041222816268
35.08110333470564	0.5329432087475021
35.09777686290655	0.45755576704907325
35.114450391107454	0.46038070338585907
35.13112391930836	0.532754534691487
35.14779744750926	0.5759250679988882
35.16447097571017	0.6352544201673873
35.18114450391108	0.5234448045682342
35.19781803211198	0.5604820945017646
35.21449156031289	0.6666783337675655
35.23116508851379	0.5554688095497538
35.247838616714695	0.5319036850905308
35.26451214491561	0.525708012154611
35.28118567311651	0.5523168382804536
35.297859201317415	0.5891106425783943
35.31453272951832	0.6759598556571893
35.331206257719224	0.6164871004853727
35.347879785920135	0.5845597146272911
35.36455331412104	0.6912000132931492
35.381226842321944	0.6518020806674069
35.39790037052285	0.4520592330043936
35.41457389872375	0.584633092509984
35.431247426924664	0.5573359590262386
35.44792095512557	0.7100321036712397
35.46459448332647	0.6055144231411232
35.481268011527376	0.6212513451579321
35.49794153972828	0.5817614319972659
35.51461506792919	0.5482656669038252
35.531288596130096	0.5887064326140835
35.547962124331	0.7050882638339577
35.564635652531905	0.6647955347112449
35.58130918073281	0.5966993552248467
35.59798270893372	0.5720694647432455
35.614656237134625	0.5367410361252187
35.63132976533553	0.6928864505266039
35.64800329353643	0.647678232121911
35.66467682173734	0.6223985686800172
35.68135034993825	0.5981163173586448
35.69802387813915	0.589743693872535
35.71469740634006	0.5446884646629029
35.73137093454096	0.49458490067693817
35.748044462741866	0.6111514537243853
35.76471799094278	0.5990892212810887
35.78139151914368	0.5566671114616957
35.798065047344586	0.5573406021394829
35.81473857554549	0.5636726802126573
35.831412103746395	0.4529971164177458
35.848085631947306	0.5171009477470434
35.86475916014821	0.5380725753541866
35.881432688349115	0.46137951541100164
35.89810621655002	0.6639497924727775
35.91477974475092	0.645525575013366
35.931453272951835	0.6289144830298374
35.94812680115274	0.6332054302460569
35.96480032935364	0.4940237092869686
35.98147385755455	0.673098849697455
35.99814738575545	0.4110866951456737
36.01482091395636	0.39354562960927836
36.03149444215727	0.597560332126767
36.04816797035817	0.5880492215928033
36.064841498559076	0.6402714783533044
36.08151502675998	0.43344531441220335
36.09818855496089	0.565767492316324
36.114862083161796	0.5786674505668024
36.1315356113627	0.6287321978120508
36.148209139563605	0.5445740672142787
36.16488266776451	0.6018242026700671
36.18155619596542	0.5927652135148356
36.198229724166325	0.6529455808663278
36.21490325236723	0.4794663873246024
36.23157678056813	0.60017848311493
36.24825030876904	0.593620533310434
36.26492383696995	0.4328115640908928
36.28159736517085	0.5282487437393513
36.29827089337176	0.5409401237106861
36.31494442157266	0.6146288984637803
36.331617949773566	0.5038305993618746
36.34829147797448	0.4624232549737864
36.36496500617538	0.669284715660903
36.381638534376286	0.5503459982228907
36.39831206257719	0.5577075673234938
36.414985590778095	0.5488565090152704
36.431659118979006	0.5931815235380695
36.44833264717991	0.5753584827907856
36.465006175380815	0.5103733884412657
36.48167970358172	0.6120046837620421
36.49835323178263	0.6747887569902183
36.515026759983535	0.514884758636808
36.53170028818444	0.6174574008062285
36.54837381638534	0.5443642845260968
36.56504734458625	0.6269407368507552
36.58172087278716	0.5392722622881442
36.59839440098806	0.7123455413214976
36.61506792918897	0.6223936164406103
36.63174145738987	0.7259083911630066
36.648414985590776	0.6230021324675902
36.66508851379169	0.5771584487811583
36.68176204199259	0.6196512411587936
36.698435570193496	0.41200058940695655
36.7151090983944	0.5058200253383562
36.731782626595304	0.5803755679709186
36.748456154796216	0.5176706242392473
36.76512968299712	0.4937431781061143
36.781803211198024	0.44033910505106305
36.79847673939893	0.498705631800917
36.81515026759983	0.5394036737956243
36.831823795800744	0.3986891917867213
36.84849732400165	0.4830512364791281
36.86517085220255	0.5385345929065843
36.88184438040346	0.6295263796974777
36.89851790860436	0.4990812326111177
36.91519143680527	0.36485950874656436
36.93186496500618	0.5097732140845467
36.94853849320708	0.501075624548474
36.965212021407986	0.6321465696498771
36.98188554960889	0.5632681409656166
36.9985590778098	0.5154066596881124
37.015232606010706	0.5233979011070694
37.03190613421161	0.5709058209932576
37.048579662412514	0.5228648894016685
37.06525319061342	0.4602037812915566
37.08192671881433	0.5539160174383461
37.098600247015234	0.5975318884410322
37.11527377521614	0.6006399217318915
37.13194730341704	0.5541365797792526
37.14862083161795	0.4162226808970663
37.16529435981886	0.6203777869345413
37.18196788801976	0.5922002186145985
37.19864141622067	0.5708033312114871
37.21531494442157	0.5226915094840136
37.231988472622476	0.5305094614111076
37.24866200082339	0.7068398778183522
37.26533552902429	0.7623769583662126
37.282009057225196	0.719032936887878
37.2986825854261	0.4635937096526244
37.315356113627004	0.5485482665678489
37.332029641827916	0.7739437998720983
37.34870317002882	0.6273261967504957
37.365376698229724	0.6494493929498034
37.38205022643063	0.47624401897595775
37.39872375463153	0.5974349809549305
37.415397282832444	0.4612240924172563
37.43207081103335	0.4909495360390265
37.44874433923425	0.5353704125819951
37.46541786743516	0.5739153791244772
37.48209139563606	0.5943490855456924
37.49876492383697	0.5486241796763767
37.51543845203788	0.6924860184499614
37.53211198023878	0.6505658861553358
37.548785508439686	0.5404395847396017
37.56545903664059	0.5089850345090602
37.5821325648415	0.519110621994078
37.598806093042406	0.6618983665393502
37.61547962124331	0.6309069152126974
37.632153149444214	0.7108216046728228
37.64882667764512	0.6576477737459626
37.66550020584603	0.5823975680235292
37.682173734046934	0.42923070437466576
37.69884726224784	0.4722013130761324
37.71552079044874	0.48192333106297486
37.73219431864965	0.5180087721072435
37.74886784685056	0.6333890086277535
37.76554137505146	0.4331807227033782
37.78221490325237	0.5974481372519476
37.79888843145327	0.5560379614095883
37.815561959654175	0.6179816775743775
37.83223548785509	0.6462438158533886
37.84890901605599	0.6478911528667946
37.865582544256895	0.5585158086885429
37.8822560724578	0.6541538602841276
37.898929600658704	0.5652932955812335
37.915603128859615	0.6667077011253066
37.93227665706052	0.5601113902206674
37.948950185261424	0.6964611100330181
37.96562371346233	0.5141418463891667
37.98229724166323	0.6458755524175411
37.998970769864144	0.6129410276352616
38.01564429806505	0.6164141741741226
38.03231782626595	0.5928641066096314
38.04899135446686	0.5494806033705926
38.06566488266777	0.5410072688055341
38.08233841086867	0.558720793463445
38.09901193906958	0.6139233547580794
38.11568546727048	0.5209844654841361
38.132358995471385	0.44324485463173835
38.1490325236723	0.6136358446020944
38.1657060518732	0.6056656458903026
38.182379580074105	0.5986750085731293
38.19905310827501	0.5441464391547327
38.215726636475914	0.4627561946439822
38.232400164676825	0.44034023307714065
38.24907369287773	0.36089842685375234
38.265747221078634	0.694932810283828
38.28242074927954	0.8463309710225478
38.29909427748044	0.4907281669302938
38.315767805681354	0.3927671396162274
38.33244133388226	0.6550221347787575
38.34911486208316	0.5963696667683386
38.36578839028407	0.6047758091005675
38.38246191848497	0.6842922647007069
38.39913544668588	0.5549156307407793
38.41580897488679	0.6149922505850105
38.43248250308769	0.6123322138429103
38.449156031288595	0.5452503124986887
38.4658295594895	0.6271365535308616
38.48250308769041	0.5766059469949822
38.499176615891315	0.5375007074858108
38.51585014409222	0.4505508019624132
38.532523672293124	0.5562299544516501
38.54919720049403	0.42732121159104947
38.56587072869494	0.6102141806330309
38.582544256895844	0.3626696520762293
38.59921778509675	0.5280908419574194
38.61589131329765	0.5300375451202946
38.63256484149856	0.5542709296815373
38.64923836969947	0.5248320540660082
38.66591189790037	0.46235425346963593
38.68258542610128	0.6434241405998209
38.69925895430218	0.7065106205958386
38.715932482503085	0.5557004585629532
38.732606010703996	0.5615816862331545
38.7492795389049	0.4210314139464908
38.765953067105805	0.623991706721367
38.78262659530671	0.30087501505911274
38.799300123507614	0.5518091720631815
38.815973651708525	0.41481794171073866
38.83264717990943	0.4644204243576994
38.849320708110334	0.5281773171749349
38.86599423631124	0.5059670444053948
38.88266776451214	0.5174070677154343
38.89934129271305	0.43777801416512097
38.91601482091396	0.5890572674256538
38.93268834911486	0.5886078781681572
38.949361877315766	0.6007959962546594
38.96603540551667	0.4839145755146273
38.98270893371758	0.5230832785673822
38.999382461918486	0.4999108084150866
39.01605599011939	0.4310406749021651
39.032729518320295	0.583552926384828
39.0494030465212	0.5888177656338274
39.06607657472211	0.533097940956288
39.082750102923015	0.34528989244989067
39.09942363112392	0.5130448715438904
39.11609715932482	0.5620888477036969
39.13277068752573	0.5759357391591409
39.14944421572664	0.508022616206358
39.16611774392754	0.46868163930003576
39.18279127212845	0.5671437410465439
39.19946480032935	0.5514841417815793
39.216138328530256	0.4700375894560624
39.23281185673117	0.5549876965039311
39.24948538493207	0.5014129448454288
39.266158913132976	0.4188114888134174
39.28283244133388	0.535200565185312
39.299505969534785	0.5072453764965813
39.316179497735696	0.6813934711605774
39.3328530259366	0.5110287906306199
39.349526554137505	0.581621510640562
39.36620008233841	0.5648117176103509
39.38287361053931	0.389108479227354
39.399547138740225	0.47881904578114004
39.41622066694113	0.46859298613619815
39.43289419514203	0.4307238188586795
39.44956772334294	0.4173500255888735
39.46624125154384	0.6116972981644406
39.48291477974475	0.5281772828099225
39.49958830794566	0.6142806224811679
39.51626183614656	0.5156405674143038
39.532935364347466	0.5639028244175006
39.54960889254837	0.6656953739132017
39.56628242074928	0.5166703972228892
39.582955948950186	0.5641443558797947
39.59962947715109	0.5399626936413179
39.616303005351995	0.4701688121482192
39.632976533552906	0.500488964769774
39.64965006175381	0.5958114754943014
39.666323589954715	0.5217397880633523
39.68299711815562	0.526813305205714
39.69967064635652	0.45741777260532274
39.716344174557435	0.639803949135426
39.73301770275834	0.7187468484400363
39.74969123095924	0.6566646471374644
39.76636475916015	0.6747907807183825
39.78303828736105	0.40252365223224273
39.79971181556196	0.5192171394151133
39.81638534376287	0.5336248022575765
39.83305887196377	0.41320319613464024
39.849732400164676	0.6213416551167992
39.86640592836558	0.42062123382540423
39.88307945656649	0.3991282509560834
39.899752984767396	0.42440025570541123
39.9164265129683	0.36743305013996913
39.933100041169205	0.5834236704161974
39.94977356937011	0.5666180393633021
39.96644709757102	0.3560656007904814
39.983120625771924	0.43702798302534934
39.99979415397283	0.565492943585851
40.01646768217373	0.5538930517079637
40.03314121037464	0.5155071608187505
40.04981473857555	0.4641150452667206
40.06648826677645	0.6108978944937118
40.08316179497736	0.624798414201056
40.09983532317826	0.4008443543254165
40.116508851379166	0.5084014164652055
40.13318237958008	0.6180502383356807
40.14985590778098	0.5289199927193922
40.166529435981886	0.522113615033961
40.18320296418279	0.4836216052658244
40.199876492383694	0.41928368856143117
40.216550020584606	0.6504353704202006
40.23322354878551	0.6512683004505584
40.249897076986414	0.48408010868577306
40.26657060518732	0.3485549307994998
40.28324413338822	0.5093032319264141
40.299917661589134	0.4000922450931978
40.31659118979004	0.45801546725468945
40.33326471799094	0.464561105290238
40.34993824619185	0.49042447549620005
40.36661177439275	0.49042447549619994
40.38328530259366	0.49042447549619994
40.39995883079457	0.49042447549619994
40.41663235899547	0.49042447549619994
40.433305887196376	0.49042447549619994
40.44997941539728	0.49042447549619994
40.46665294359819	0.49042447549619994
40.483326471799096	0.49042447549619994
40.5	0.49042447549619994
